socratic_questioning:
  avg_questions: 3.202426080363912
  bleu: 0.6183998994319346
