socratic_questioning:
  avg_questions: 3.1675511751326764
  bleu: 0.6738176198617878
