mistake_correction:
  accuracy: 0.6107784431137725
mistake_location:
  f1_macro: 0.3371287540883573
  f1_micro: 0.5548902195608783
  f1_weighted: 0.5777539173460037
pedagogy_following:
  match: 0.9991304347826087
pedagogy_following_hard:
  match: 0.9908256880733946
problem_solving:
  accuracy_flexible-extract: 0.954510993176649
  accuracy_strict-match: 0.954510993176649
scaffolding_generation:
  match: 0.5739130434782609
scaffolding_generation_hard:
  match: 0.5351681957186545
socratic_questioning:
  avg_questions: 3.227445034116755
  bleu: 0.6571764830480277
solution_correctness:
  accuracy: 0.8273453093812375
  f1: 0.8374060150375939
  precision: 0.7912966252220248
  recall: 0.8892215568862275
