mistake_correction:
  accuracy: 0.6237524950099801
mistake_location:
  f1_macro: 0.21029029741113967
  f1_micro: 0.3158682634730539
  f1_weighted: 0.31395788801769664
pedagogy_following:
  match: 0.9817391304347826
pedagogy_following_hard:
  match: 0.8715596330275229
problem_solving:
  accuracy_flexible-extract: 0.9067475360121304
  accuracy_strict-match: 0.9067475360121304
scaffolding_generation:
  match: 0.40608695652173915
scaffolding_generation_hard:
  match: 0.3486238532110092
socratic_questioning:
  avg_questions: 3.388931008339651
  bleu: 0.5842476814513949
solution_correctness:
  accuracy: 0.655688622754491
  f1: 0.6563745019920318
  precision: 0.6550695825049702
  recall: 0.6576846307385229
