mistake_correction:
  accuracy: 0.6367265469061876
mistake_location:
  f1_macro: 0.03970890701232353
  f1_micro: 0.313373253493014
  f1_weighted: 0.33696233962129596
pedagogy_following:
  match: 0.828695652173913
pedagogy_following_hard:
  match: 0.5290519877675841
problem_solving:
  accuracy_flexible-extract: 0.821076573161486
  accuracy_strict-match: 0.821076573161486
scaffolding_generation:
  match: 0.9339130434782609
scaffolding_generation_hard:
  match: 0.9418960244648318
socratic_questioning:
  avg_questions: 3.387022900763359
  bleu: 0.4817566277052427
solution_correctness:
  accuracy: 0.7559880239520959
  f1: 0.7759963353183692
  precision: 0.7171888230313294
  recall: 0.845309381237525
