socratic_questioning:
  avg_questions: 1.0
  bleu: 0.045528906165503695
socratic_questioning:
  avg_questions: 1.0
  bleu: 0.045528906165503695
socratic_questioning:
  avg_questions: 3.3229719484457925
  bleu: 0.7326846823932089
